 i0 tic0  idx2 ord1  per2  cnt2  mse2  mae2  mape2 mse3  rmse3 mae3  mape3 
0 duck 0_0  (1, 0, 0)   24   4   42312748.699999996   10979.5   0.602 8462549.739999998   2663.6728916849993 2195.9   0.1204 
1 duck 0_1  (1, 0, 0)   72   4   74683208.5   16001.0   0.883 14936641.7   3559.7698132482496 3200.2   0.1766 
2 duck 0_2  (1, 0, 0)   120   4   64055701.900000006   14758.3   0.8119999999999999 12811140.38   3397.09246416963 2951.66   0.1624 
3 duck 0_3  (1, 0, 0)   168   4   12793998.8   6802.700000000001   0.368 2558799.7600000002   1526.1287053012684 1360.5400000000002   0.0736 
4 duck 0_4  (1, 0, 0)   216   4   84230229.3   16838.199999999997   0.922 16846045.86   3879.709065697802 3367.6399999999994   0.1844 
5 duck 1_0  (0, 1, 0)   24   4   100638804.7   15087.0   0.8280000000000001 20127760.94   3729.873600440339 3017.4   0.16560000000000002 
6 duck 1_1  (0, 1, 0)   72   4   190783479.89999998   23400.399999999998   1.293 38156695.98   5263.416195727084 4680.08   0.2586 
7 duck 1_2  (0, 1, 0)   120   4   116954858.9   19749.2   1.08 23390971.78   4483.153673603798 3949.84   0.21600000000000003 
8 duck 1_3  (0, 1, 0)   168   4   20061847.8   8467.4   0.464 4012369.56   1911.255872914242 1693.48   0.09280000000000001 
9 duck 1_4  (0, 1, 0)   216   4   125425968.10000001   19920.9   1.0919999999999999 25085193.62   4674.630446136492 3984.1800000000003   0.21839999999999998 
10 duck 2_0  (0, 0, 1)   24   4   25691153.700000003   9475.1   0.52 5138230.74   2209.341405755814 1895.02   0.10400000000000001 
11 duck 2_1  (0, 0, 1)   72   4   32646307.8   10620.0   0.588 6529261.5600000005   2510.948425809641 2124.0   0.1176 
12 duck 2_2  (0, 0, 1)   120   4   38448538.300000004   11460.5   0.635 7689707.660000001   2677.235939581991 2292.1   0.127 
13 duck 2_3  (0, 0, 1)   168   4   12555748.3   6571.400000000001   0.35200000000000004 2511149.66   1468.6951412889625 1314.2800000000002   0.0704 
14 duck 2_4  (0, 0, 1)   216   4   69025403.60000001   15558.0   0.855 13805080.720000003   3670.0633426246814 3111.6   0.17099999999999999 
15 duck 3_0  (1, 0, 1)   24   4   32059372.400000002   9665.300000000001   0.529 6411874.48   2342.1393458496887 1933.0600000000002   0.1058 
16 duck 3_1  (1, 0, 1)   72   4   55230077.099999994   13978.599999999999   0.773 11046015.419999998   3148.278369000537 2795.72   0.15460000000000002 
17 duck 3_2  (1, 0, 1)   120   4   53859144.0   13450.300000000001   0.742 10771828.8   3120.601331017184 2690.0600000000004   0.1484 
18 duck 3_3  (1, 0, 1)   168   4   12225203.4   6590.099999999999   0.35600000000000004 2445040.68   1477.086115819257 1318.02   0.07120000000000001 
19 duck 3_4  (1, 0, 1)   216   4   76856357.7   16165.7   0.885 15371271.540000001   3755.570184188189 3233.1400000000003   0.177 
20 duck 4_0  (1, 1, 0)   24   4   107719123.5   16039.599999999999   0.877 21543824.7   3948.055227180008 3207.9199999999996   0.1754 
21 duck 4_1  (1, 1, 0)   72   4   182550464.79999998   22526.300000000003   1.2500000000000002 36510092.95999999   5041.985522449335 4505.26   0.25000000000000006 
22 duck 4_2  (1, 1, 0)   120   4   106937495.1   18587.9   1.019 21387499.02   4178.80184522724 3717.5800000000004   0.20379999999999998 
23 duck 4_3  (1, 1, 0)   168   4   20339769.2   8274.7   0.454 4067953.84   1887.8291279632344 1654.94   0.0908 
24 duck 4_4  (1, 1, 0)   216   4   109941939.6   18958.8   1.039 21988387.919999998   4415.190903547636 3791.7599999999998   0.20779999999999998 
25 duck 5_0  (0, 1, 1)   24   4   105028127.9   15693.6   0.8590000000000001 21005625.580000002   3842.234082434114 3138.7200000000003   0.1718 
26 duck 5_1  (0, 1, 1)   72   4   182552045.3   22853.200000000004   1.264 36510409.06   5148.6021782166945 4570.640000000001   0.2528 
27 duck 5_2  (0, 1, 1)   120   4   112530268.6   19335.1   1.058 22506053.72   4373.822987188204 3867.0199999999995   0.2116 
28 duck 5_3  (0, 1, 1)   168   4   19137945.4   8060.6   0.441 3827589.0799999996   1841.470770287228 1612.1200000000001   0.0882 
29 duck 5_4  (0, 1, 1)   216   4   121869594.49999999   19709.7   1.08 24373918.9   4624.85059115277 3941.94   0.21600000000000003 
30 duck 6_0  (1, 1, 1)   24   4   106835075.6   15945.900000000001   0.8710000000000001 21367015.119999997   3904.132515190282 3189.1800000000003   0.17420000000000002 
31 duck 6_1  (1, 1, 1)   72   4   179140312.9   22655.5   1.2510000000000001 35828062.58   5110.145036736198 4531.1   0.25020000000000003 
32 duck 6_2  (1, 1, 1)   120   4   109927999.4   19088.4   1.045 21985599.880000003   4303.5692402420855 3817.6800000000003   0.209 
33 duck 6_3  (1, 1, 1)   168   4   18884198.6   7982.2   0.438 3776839.72   1828.2005620085984 1596.44   0.0876 
34 duck 6_4  (1, 1, 1)   216   4   119438821.89999999   19579.0   1.0719999999999998 23887764.38   4589.426891929966 3915.8   0.21439999999999998 
35 duck 7_0  (2, 1, 1)   24   4   105932440.3   15827.3   0.8660000000000001 21186488.06   3881.74574323658 3165.46   0.17320000000000002 
36 duck 7_1  (2, 1, 1)   72   4   181111758.70000002   22874.299999999996   1.2630000000000001 36222351.74   5167.478680653249 4574.859999999999   0.25260000000000005 
37 duck 7_2  (2, 1, 1)   120   4   112457040.5   19302.8   1.056 22491408.1   4358.846348438144 3860.56   0.2112 
38 duck 7_3  (2, 1, 1)   168   4   19038876.1   8021.4   0.438 3807775.22   1836.629312061707 1604.28   0.0876 
39 duck 7_4  (2, 1, 1)   216   4   123618355.70000002   19799.4   1.084 24723671.140000004   4656.131559768021 3959.88   0.21680000000000002 
40 duck 8_0  (1, 1, 2)   24   4   106445143.89999999   15875.100000000002   0.8680000000000001 21289028.779999997   3892.297870380689 3175.0200000000004   0.17360000000000003 
41 duck 8_1  (1, 1, 2)   72   4   180615965.9   22841.100000000002   1.262 36123193.18   5153.6841317992785 4568.22   0.2524 
42 duck 8_2  (1, 1, 2)   120   4   111062491.0   19184.1   1.0499999999999998 22212498.2   4329.410849653345 3836.8199999999997   0.20999999999999996 
43 duck 8_3  (1, 1, 2)   168   4   20564465.2   8453.099999999999   0.46399999999999997 4112893.04   1940.7902451643736 1690.6199999999997   0.0928 
44 duck 8_4  (1, 1, 2)   216   4   120947495.9   19645.699999999997   1.077 24189499.18   4611.434058664632 3929.1399999999994   0.21539999999999998 
45 duck 9_0  (2, 1, 2)   24   4   104491352.0   15563.500000000002   0.8520000000000001 20898270.4   3826.6219691379047 3112.7000000000003   0.17040000000000002 
46 duck 9_1  (2, 1, 2)   72   4   197900596.29999998   23408.100000000002   1.293 39580119.26   5309.521386252103 4681.620000000001   0.2586 
47 duck 9_2  (2, 1, 2)   120   4   129050299.7   19928.800000000003   1.083 25810059.94   4493.943767135928 3985.7600000000007   0.2166 
48 duck 9_3  (2, 1, 2)   168   4   13856725.7   6995.599999999999   0.378 2771345.1399999997   1566.3453178036646 1399.12   0.0756 
49 duck 9_4  (2, 1, 2)   216   4   131785923.2   20101.7   1.0999999999999999 26357184.64   4751.704981685781 4020.34   0.21999999999999997 
